1 vocAssULoRUM

1 neum, 3, 1111 3111311331 3111111 1111, fn: rb 3111111111. 3,·3‚ 54
1 111111 Phor. 1,2, 31 Pamphile And. 1,·5, parafitumEunAProIqS 1111111τί11. 1,1, m
11111111131, 1 13, 31, 33 11, 1, 31111111Ε11.Ρ1·11.301 1111111.1,1,81Α1111.
1111911111Ρὶ111,1, 1,16 18,11,1311, 1, 1,1,11111111.Ρ111. 3,8,3413,3,3, ·
,1111114111 1, 3,14 311,3,611,4,61 38181111. Ρ191,18131111111111Α111. 1,4,6
Ε11.3,3,1οΗ1111· 2. 31111 3, 2, 331 1,1,11 pariundo And.4, 5›3²
3‚1,102Adel.2,4, 3,1, 31113, 3. 111 3111111 Eun. 1, 1, Parmeno 11111111. 91
’ 1311,1,13 ς, 4, 3113, 6, 1 311111111111111311, 1,1,3, 19111131
01111113111212134 1111311180ῐῖνῶ 42¹4 . ²¹¹9¹5¹²⁹2=⁸2
Alel.1,1 13,3, 11,13,3313,3,6,311111Α111.1,·1,3 46,3311,3,14,
651131· 31115, 1114511419, 8111443111· 16, 51113111,
¹ ,11115 ,1,ῗέ 1111ῒῖ53111 ,,111;,ἷ,,1,,,,.,, 121113111ζῖ
Ml·4‚1,18 5,1,17}5,3,25{ §.115 61111515191411101
3,4, 13,11,14 pantu AdeL 3, 3, 6· Α111.1,1,31111.1,
1’. Ρ1ω31111Α11, 4, 3, 3111111Α1ᾰ. 2, 2, 4 1, 3, 8, 18, 34, 36,
161111111.1,1,1, 1111.1,1,31 38, 3413,1,11,
, 1111111518 111116 mmmm ³414013·2‚5‚24 '
33133311111333 1131113119 ι,111ιὼ1113.11111111111Α3313,1,161 3, 3, 431 3, 4,1
ΡΙΕ111.3,’1,51(,1’3,13, 12111118131 1111111141ζὶ3, 113331 15’4'1', ¹
1313,4,3714,4, 2‚6,17Hec·1,2‚ Phor. 3,3, 14 Parmen··neEun.4,4, .
4115411159, 5114411111,111111141111 146 11
33111111.3,1,661 813, 3,18 1111111.3,1,83Ρ611. Ρ111111111111111Ε11. 1, ,
3›² 11 14,1, 151 1111111111441111, 1, ,1, 80 Ι1, 16,39 11, sal ’
44, umam 61, 1181114111111111-114 ,1, 191 s, ς, 4
4313, 3, 114, 3, 111 1,4,311, 1, 311111Α1111.3,1,41 Ρ11ωεηοηιι 4, 1, 31
141 3, 3, 38 Phor. 1011,1,111, 3, 3111111111. 4, 3, 1 3111Α11.1.1,<Ε1111.
1,3,11,1313,1, 111,1,114, 3,1 31111111113, 4,31 1,1,18,11111,11,
1114,1,3,1413, 1111.1,1,38 13,4, 31111Α111. 1,1,13, 3,1,13 -1
11115111, ,11 1414111111, 1, 111111111111 1111111- 1, 1, 11
1111.1,1,1913,4, 1613,1,3ο13,3, 3,3,13Ρ111,3,3, 1111111.Ρ111.1,43
3113,3,14,1314. 6, ιο 1ο 3111111113 1,1
1, 31 13,4,613,4, Ρ1111111111111Α111. Per. 31111111 Η1111.1,1,83 3111111οηί11111111.3,1,
,33 1,111,1,6113,1, 1111.1,ι,13 31 ·
3111311311 Phor. 1,1, 413, 1, ιο 1 3, 3, 31111111 ,1111 1,1, 13 31111111 Eun. 3, 1, 9
94 1 1111, Per. 1, 3, 11111111111111.Ρνοί.41 31111Ε11.3,3,3113,
μω ΛΙι11,4,8 1111,1,311,1,3,1111Α1111.3,4, 11 313
Ρ1111.3,3,1413,6, 4013,1,11 3111111Ειιι.4,4,31 3111131113111111111111111.
301111. 3, 3. 1ο1111111111111.3,4, 13 3111111111,1,1,111 1.1,3 ·
penitet 1111.1,1,1ο 311111Ε11.1,1,3 3,1,11 3111111111. 1,1, 11
3111111111άεὶ.3,3, 88 3111111111111111111, 31111111 1111. 3, 3,31 Ε11.4,3,413,1, ’
3111111 111111.4,1,131 3, 33 parentem 1111111. 1,1, 33111111. Prol. 8 1
414511141111111 Eun· ², 1, 111 11 3· ¹· ¹3A1‘ff'0'·
Adel-³‚2230‚⁴01 1,1,1411,1,1611111111Α11·4,6,1Ι 1111411116,
4,4,13Ρ1111.1,3,111111111.3,1,34Α· 3,6,31111111.3,4, 3ο11,1,1οΡ1111. ¹
131111.1,1,3ο14, 1111411111. 4,16Α111.1,1,6 4,3,31

4, 91 1, 3, 31 1, 4, 33 1 31111111 1111. 3, 4, 34 panem 1111111311
3111111’111,“111.1,1,14 3, 3, 131111,1,1, parentis 111111. 1,1, 1111111111. 47

1·111111Ε11,1,1,14 9514446111, 1911411 1111311111·1,1,11
ΗΜ· 1, 1, 20 13 1 3, 4,13 311111111111111. 1 , 1, 31111113,11,111.1,1,98
pallio Phor. 3, 6, 4, pauAnd. 1, 3, 19 1 3, 13, ¹ 3111131113, 5, 3
1111.. ,, 2‘ 11, Y* ἔθ’ 1118118111ζί ⁹²2¹}‘⁵⁹‘““⁸‘““‘'³’'’
111111 fleant. ²: 3:3¹ 311111 &11:2⁹ 1, 14 P 4. 6, 1 11111113, 8, panim Hec. Ρ111.131
11111111Ρ111Ρ11111 ΗΜ, 511 8Hec.4‚1,74 1111111111,
1111111111υωί111,3,4, 1111111111,3,1, 33 311111118111.3,1,31 3111 .
8 311111 Adel. 2, 4, 11 Hem. 4, 1, ¹4 311111 Ε11. 1, 3, ⁶0
1133151,Α11,,,,, 3111111111111,3,1,13 31111111111111. 3, 3,13 . Ρ1111.Ρ1,11313,3,,
,10 , 341111111.1,1,13 31111Α11.1,1,33 31111111111814,
Ρ1111311111111Ε111,1,1, 1111111111 Adael. 5‚2‚ 31111 Hem. 3, 1, 33 1, 33 1 3, 3, 38
4111,1,5114,1,5 flemma panutius-m
10141611515, 1, pmfitfflqn· 1,1,161 11111Ε11,3,1,3188111.111111111111111. 1, 1,11
11133611111, 1,1,3311111,211.8 1,,1.,33Ι . &mapsa-gi

 

