11111 ’

5171oe 141111 4, 1,11111111111111111111111111111.41111111114,4,44

4,4 4,16 17 1161181114 4, 44 4
4111181111.1,1,441111111111111111.4,4, 1114118114 448 Α111,,41,4
4, 1115161111 1114, 1, mxu Hem ..ὅ Ι 1ἓὲ61166ιῖ616 Η, 76
411111411141. 414111, 4,4.16116111111111 1,41 46 ⁴³
3141.4111.1,1. Ρ1111.1.1..411411 111611 Α,1.1,1,411111111111.1,1,4
4, 4,414 ,14 Ε11.1,1,14 kau·Pem.5,1,3.
11816ιᾶ111118114,1111111111111111 1,111111141111,4.1, 411411414.1,,11414, =
1,1 1,1, 111.. ,, 2161113311 1111,ῗὲ2’·,1 ’,1. 8⁹. 1,1,ξξῗ ’,ῗῷἐῖ ¹

4611.,1141.1ο441.Η111Ρ111.18 1,.16614, 1,.484
-1181118111,1,4,4111111111118114,,4 1111111111.Ρ,1164,4.41111,1,1, ¹
116111 Hune. 1, 1,1414,1,14 111111111411.1.1,144 44
1111111... 1, Qu.. ³ ³' 111113, , , ς, 1181621532,

84 1111111111Ρό11,.4 1,11111Η1,,1114 1,4ο Α411.,14,
lebam: ,414 1,1, 44 1111111111 Phor 4,,1 41141811 Aa 4, 4, 41 ’
111’44Αηί ⁵ ι ιι11116111111111111. ..1,4 ,11141611 111111.1.4, Ρ11411,4,1444 4
14111144 14 44, 111115111Α1114,4,441111661111114,1.41 1411111114, 61 ³

4,ι411“11.,4 1,4 1111..4 4.44 1111111811Ἣ41 1411411111.,11,41 ’

,4111,.44,16,14. 1161111411444,4,4,11111111,411.1,141111111Ρ611.1,1, 11

11Η11.Ρ111..144411ἑ811ῐ111414,41 Am 4,4 1,1111111Ρ611ΗΡ11 44 1

1 1ο 1,111 1,1, 24 lmdnierdbm 1111111111 1

11 heum Ald4,2,447' 14. 4,,814
11611111111111111.4,6,4 111111811,.4 141111111Ρ111ηΡ11. 55

Ρ111.4ο 1111111811,Ρ..1114 Η1111.4.1,1614411. 4.6.,4414 8,18
11611111Α11.4,,441 18Α411,4.,4 11 4,,116 1111ιῖ111Ρὸ11.1,1,

4,,141411111111111111Ρ11111>1111111111 ,111414 1611, 4,4114,
1161166133] Py τέιέκῖιῖιαίυ, 1116416 14141. 1 ,44 1111 111111. ,,4 1, 44
1166111111111. 4,4,111516181111448 3464511714ἑῇ Ιωῗιὲςῖοέθὲι 1,
1163114111 1.14 ἕξεις, 51,31437 arza 4114111414, unwan. 1,1,14
11111111141111. Pul. 11611114111.4.4,.1ς ,11 11111111141111,,1 1,

4444, 6 4 144114, 4 6 1111111144 1 75
labam 141111.Ρ111.111111111141111.1,1,1111144111 1,14411111141111 Ρ111. 45

4111, ¹30 39 1111.,4411111.4, 4418 64 1111111Α111.,44,46
manee.. 1,6 418 111111111411. Ρ111. 5 And. 1, 1.4
11611111 ,4,,114111111144114411 111111114111, 1111111411114 1, 4..
111111111114411.4. 1. 11111141,.141 4, 44 14811. 1,1,4411,1111111111,Ρ111, 39,

- 5111141111Η4114 1.1οἱ11111,,.14 414111,1 1,4,
mmm 11111111.1,1,4 114.1,1414,,4 41,.44441611.4,
8111811181ιῶ Ρ1.1116 81144 ‚4Ad4!. 21Ade1.,4 2, 25 1, 14

Ρ111.Ρ111.14 1,1,44Ρ4114 Ρ1111..,114141,11111111Α111.,41,4ο

1111411111Ρ611 Ρ111 4, 1 4,·,.44Η1144,48 16111414
11111111ιὶ4111 1,11111111114 5. 4111111114,1.6Ρό1·.
111111ἳ11Ρ6114..8 4Ρ611114611111181144774,6,

48 111141111Α411...,444 1441141 1 1111111611..4Ρ11,8
1111818114 ,.1,.61611111441 1, 48 111111144116404441 Ρ611.1.144147,8,
11111111411.1,,144411111131411.1, 3, Pham-,95 111

1.1,4,4441.1.114 44 11111111 811804, 5, lepidum 1114, 4, ς

4,4. 11,.41 11141114111111 111111. 4, 47 46 ’
811116111Ρ111614, 4111616111 1,16 ffiffl·f{,},4⁴4⁸‚ 66611Ἒ16”ς,ςῖ

81 114111111411.1,1.14 52Heane.4, 1,41· 16
11111111111111,1,114111111144,444,1111.,11111ι 4, 4114111811.4,1, 44
{nt-{indm 1,1, 1114411416 Adel. 59, ἱ.γ411ω;ι”ἷ; ³ ς 1161668644144113494,

1 averit 111 1
hamund. 1, 1,111411111111111.4, 1, 11111811. 4,44, 44 1141131 1411,,4.4, 39
,4114111144 41 Λ14.,41,4 1141111811.4,41;

 

