INDEX

3, 3,1313,7,1111111111.1,13,14Ι111111111111111.3,4, 1113111111. 1
1 , ,1ο 1 1,1,
Τ11111111111111, 51 1111111111. 4, 4, 11 1111171111 Eun. 3, 3, 31 11111111 3121. 1, 4, 1
1,1,56 11111111.3,1,6111·111111411111. 3, 3,111111114ωΑὰΙ,4, 4,
τ1111111.1,1,11 111.4,1, 141111. 16
bis 111113,1,1 13, 4, 1, 61 11111111111111114, triumphat En. 3, ι, ’
1,1.9’11.1.11111111111Α111111 4. 17 4
26 1 4, 1, 5 14, 1011111111, 3, 5, 41 111111111111Α111.Ρ11. 1111113111111111441,
3,·314,6,5,11.101111111111’1111.1,1, ⁶ 5111133, ιο
¹7 1 4, 3, 13, 311 33 11111111 Adel 3, 7, 11 111111111111111, 3,.4,
·3,4,3, 34, 43411 totaad.1‚5,2 Eun. numentana, 1, 3, 11
41, 2¹ 1 1111 1111111 m. ς 111111141111
...1111111 1117111111111111114111111111
thesaurus Eu. Ptol. 4, 18 1111. 1, 3, 111111111111111. 3, 4, 11111 Phor. 3,1, 33
11 141111.3,1,131 ⁵⁰ Η11.1,1,1114,4,
- ’1111111111111111 4,1,4614,4,1611111111111111.1’11.7 63 ’
1,3,1,1113,11 5,3, 33 111111 Phar. 5, ,2⁸ 11111111 1111. 3, 1, 33
63 1 3,1, 11 1 5, toto And. 1, 1, 511· 1111163111τῶ . 5,6, 1111111111. 1,1,3,131
’1,113,3,31,31, 11141, 11 ¹7- 2,6.=21³bn.1‚2,
58 11111111. 1, 1,1131 111111111111. 1,1,31 , 33141,3314,4,
Thrasoni 11111. fens Ι 1,1,11413,3,1ο 11111111ο Phor. 4, 3, 7 18
11611111111113,3,3 1ο1οιὶ11,1,1,46 111111111113111111 111· 11111111Α11.1,1,11
1111111111 Adel. 3, 3,3 totiens Adel. 1 , 1, 48 111. 4, 3, 33 1111. 3, 2, 21
1111111Α11.1,1,3 1111111 Adel. 3,1, 13 11111111111111.3,1, 111111111111181111111
11111111Α11.4,1,3 1111.1,1,14 1ο . 1
4111111111. 1, 1, 1061 totum Hune. 1,3,’63 11111111111111. 1111. 111111ωυί1111. 3, 1,
1131111111101 ’41111111111111 14Ε11Ρ11111 ¹
ς, 3,1 tun. 1, 1, 3, 3, 1, ¹7 111111111111111. 1, 3, tumultuamur. 1111..
11,14,1,1111111.111111111. 1,2‚.3. 1111111.1,1,43 31
“ 3, 1, 311111. 1,4, 111111. 3413311141, 11111111111. 1, 1, 66 1111611111. 1. 4,111’111.
’ΊῙ14131315181 51815. ΜΟΕΜΜΛ 41415614161271
161111. ,4,4, 1111111111111.4,3,111111111111111,3,, 3, 3161111113,

1ῐ111111,.11,1.1,1,1 ,113 , 41 1.1611111,4,4,3

timent 1111. 5, 7, 3 111111111111.1’11113 1113111111111. 3, 1, 33 turba Α11.1,3,614,

,11111111113137 11161111111111.1,1,43 1111111· Add· 3, 2, Mlti· 4, 7, ³0

‚Ad<1.3‚1‚31³toe.‚ 3,1,46’ 133331 . Η1111.1,3,13Α-
J.

·3,1,9 ’111111111111111.1,1,,1111 1.,1,1,6οῑι11. 1111.3,1,1ο ,
1111111111,.1,·3,Ἰ33 161 11111, 111111ω111.4,1,11
1 ’1111113 1,’ 13 - 1111111111 Eun. 3, 4, 2 1111Α1113,,3,31’111. 44641111. 3, 7,
111.11,1ο 1111111111.1,3.13 4,3,33 ,14 .
11111141 ἐπι. 4, 2, 14 1111111111. 592, 3¹ 1111111114 ΑΜ. 3, 3,1111111,Ε111.4,3, 11
·’1111.5,1,8 ’ 1111.1,3,7 86 111111.3,1,13Λ..

” 1111111114111. 3, 1,3111111 1111114 111111Λ11.1,6,3 111374

: 111131, 4111 1, tradidi Phor. 5, 5, 1 1111111Α1111.4,1,4 ’1111111111 Em, 3 ,6.

’3, 34· 1111111111. 1, 2, 81 triduum Eun.2‚1‚ 11, 1111111111. 4, 4, ¹2 . ¹

1111111111 1114. 3, 3,3 111111111111111. 3,1,3 , 1111111. 3, 1, 4, 11111111ἷῖ. 3, 4, 5
wau& ¹' 1111111111ῑῇ...111111 ., ι, 11, 11117111
1111111114111.1,3,611, 44 41 1111111111.1,1,37
· · 3, 1, to 1 4, 1, 11111111 Rem. 4, 4, 11131111 Phor. 1111 ιο 111ρέ111111. 1, 1, 14.
'⁵¹'va . 11Α111.3,3,11, 3314413341 11114441 6,
Ἥδιι 11111351 651 111111111111111144, ,1, ’4⁹ m Μ’ 1111111111 3011111113,
41111131δὶ11 1111011111. 1111111111. 1, 3, 33 ωίὲεκῗ. 11111,ἷὲ 1311111 3⁸ 4714, ¹⁹ ⁵6 '4’
1,1,31 111611111111.1,3,16 1,1,34 1,1,1411,3,·,·34
11111111ω111111. 3,1111113111111111.3,1,11111Ᾱ111.111.4 3,1,36,61[3,1,
3,23 13 1111111Α11.1,1,111 34111111.1,1,143.
11111111111111. 3, 1, 111131111111111111113, 1,1,191 3, 1, 16 11131111. 3,1,,
²³¹¹“''’²’⁷²⁶ ’1.1.11ι.,, ξέ1·,”.”1“1111ἱί 1113111111
1111111111ΐ 1111411111 1, ι11111111, 314, 4,1, 1 11111. 1,1, 1, 1,·43 5¹, {1⁵²¹
5² - fflffimlfflbffl 11511161514117· ⁸¹⁶·3»¹›37 ω

. 4614, 313111.

 

